---
Terrain Height [ft] Valid 1200 BST ~Z75~(1100Z)~Z~ WED 20 Jun 2012 ~Z75~[155hrFcst@1157z]~Z~
Model= RASP Region= UK12+6 Grid= d2 Reskm= 12 Indexs= 1 57 1 90 Proj= lambert 12000 12000 60.0000 60.0000 17.0000 54.5000 -3.5000
Day= 2012 6 20 WED ValidLST= 1200 BST ValidZ= 1100 Fcst= 155.0 Init= 150 Param= wrf=HGT Unit= [ft] Mult= 1 Min= 0 Max= 2192
0 0 0 0 0 0 0 0 0 0 0 0 0 0 0 0 0 0 0 0 3 7 10 20 37 41 36 18 8 4 2 0 1 1 2 4 6 8 11 13 15 17 18 21 50 96 144 191 240 262 260 231 201 169 135 116 116
0 0 0 0 0 0 0 0 0 0 0 0 0 0 0 0 0 0 0 0 0 0 0 8 23 27 23 8 0 0 0 0 0 0 0 0 0 0 0 0 0 0 0 0 28 74 120 165 210 229 225 194 165 134 105 88 88
0 0 0 0 0 0 0 0 0 0 0 0 0 0 0 0 0 0 0 0 0 0 0 0 11 14 12 3 0 0 0 0 1 1 2 3 3 3 3 3 2 1 0 0 28 62 101 138 175 188 183 153 127 102 79 66 66
0 0 0 0 0 0 0 0 0 0 0 0 0 0 0 0 0 0 0 0 0 0 0 0 0 0 1 3 0 0 0 0 0 1 6 11 14 17 19 21 20 19 18 20 35 60 84 108 132 140 133 109 90 73 60 52 52
0 0 0 0 0 0 0 0 0 0 0 0 0 0 0 0 0 0 0 0 0 0 0 0 0 0 1 3 3 2 0 0 5 15 24 32 38 43 47 49 49 47 42 42 48 60 71 82 94 95 89 71 58 47 41 37 37
1 2 3 5 7 7 8 10 12 13 16 19 22 24 24 21 18 15 11 9 10 11 12 12 11 11 11 13 13 13 16 15 22 32 42 52 60 72 81 83 79 72 61 55 52 52 51 55 54 47 42 33 32 27 25 23 24
2 5 9 13 17 18 17 20 23 27 32 37 44 47 48 42 36 29 21 17 18 20 22 24 26 26 25 23 28 41 45 37 39 50 67 85 102 123 138 141 137 116 84 71 72 64 45 28 20 14 13 12 12 10 9 8 9
2 6 12 20 28 32 28 26 32 37 45 53 64 79 108 113 78 47 37 31 31 32 35 37 55 61 49 35 51 72 68 57 70 98 123 141 161 182 192 205 203 159 110 118 147 124 63 14 5 0 0 0 0 0 0 0 1
2 5 12 27 38 57 78 60 32 39 47 56 79 151 247 246 145 67 44 38 37 37 70 105 125 111 72 64 84 75 69 108 166 208 209 179 184 221 241 247 229 188 173 203 207 147 63 7 2 0 0 0 0 0 0 0 0
1 2 12 33 50 87 132 125 107 98 90 96 132 330 558 480 242 108 68 63 61 99 202 274 255 190 130 128 146 110 110 215 305 309 267 218 227 270 292 292 258 232 237 214 144 72 25 3 2 0 0 0 0 0 0 0 0
0 0 12 33 52 85 123 159 205 247 274 286 269 561 983 842 406 181 145 183 203 254 353 393 343 292 271 243 213 185 194 304 403 372 295 266 291 315 345 366 309 231 170 96 35 0 0 3 2 0 0 0 0 0 0 0 0
0 0 10 30 48 62 74 116 195 302 485 549 423 621 1034 925 507 266 254 365 407 361 317 298 301 358 414 354 276 267 279 347 413 365 282 234 215 229 267 267 208 137 68 17 1 0 0 3 2 0 0 0 0 0 0 0 1
0 0 7 22 35 42 43 59 96 191 440 561 443 501 701 659 485 379 362 426 417 283 189 208 299 410 465 415 363 376 385 383 352 279 231 188 131 125 142 120 109 128 111 54 12 0 0 3 2 0 0 0 0 0 0 0 0
0 0 5 15 24 30 32 36 35 64 176 304 373 421 432 426 466 538 552 500 356 168 111 221 370 417 396 405 445 478 472 410 321 252 221 193 155 150 154 135 157 203 185 108 36 6 2 5 4 0 0 0 0 0 0 0 0
0 0 3 8 14 18 20 23 24 18 0 100 283 377 330 345 523 747 766 568 304 99 100 279 407 363 286 325 443 506 491 435 354 305 307 305 280 254 228 207 218 235 205 141 79 35 13 10 8 5 3 2 0 0 0 0 0
0 0 1 3 5 7 7 9 11 10 0 36 149 207 199 312 579 791 663 336 123 38 97 260 337 320 300 296 363 437 436 386 314 295 357 412 416 370 297 255 254 254 231 193 147 100 63 40 25 16 9 4 0 0 0 0 0
0 0 0 0 0 0 0 0 3 4 0 0 32 42 86 232 389 412 249 73 21 0 43 115 177 266 360 360 338 349 334 289 248 246 292 355 413 419 343 287 295 284 256 238 215 184 147 103 65 34 15 7 0 0 0 0 0
0 0 0 0 0 0 0 0 0 1 0 0 0 0 26 79 98 61 29 71 128 116 67 66 126 198 296 395 422 391 353 322 286 255 253 271 318 350 301 263 274 256 240 248 244 220 186 148 106 58 26 9 0 0 0 0 0
0 0 0 0 0 0 0 0 0 0 0 0 0 0 0 0 0 0 84 281 407 394 312 236 239 233 227 324 440 494 489 456 395 328 300 277 264 265 230 204 198 178 187 213 204 175 160 148 115 67 33 11 0 0 0 0 0
0 0 0 0 0 0 0 0 0 0 0 0 0 0 0 12 28 44 221 574 756 777 712 477 333 325 272 242 325 461 514 478 441 418 392 324 258 239 212 174 143 118 123 138 123 114 131 133 99 60 34 13 0 0 0 0 0
0 0 0 0 0 0 0 0 1 0 0 0 0 0 0 36 110 189 402 766 1027 1110 1027 740 446 340 299 247 252 321 369 361 373 426 447 379 286 248 218 164 115 87 79 78 76 104 144 133 85 50 32 13 0 0 0 0 0
0 0 0 0 0 0 0 0 1 1 0 0 2 18 31 71 179 321 556 885 1149 1143 1019 901 583 333 306 303 262 239 257 267 280 332 408 421 349 274 219 156 105 73 52 45 66 129 179 137 73 43 30 13 0 0 0 0 0
0 0 0 0 0 0 0 0 1 2 0 9 35 88 137 175 263 389 572 828 1014 954 872 848 590 358 356 358 285 251 295 308 278 278 340 410 392 309 235 164 106 67 33 20 53 137 189 137 83 53 30 11 0 0 0 0 0
0 0 0 0 0 0 0 0 2 3 0 36 132 257 349 368 406 497 588 732 902 919 877 851 637 421 403 410 327 303 391 396 327 306 311 342 382 361 282 188 111 58 22 6 29 102 148 114 87 61 28 9 0 0 0 0 0
0 0 0 0 0 1 1 0 2 3 0 60 200 369 474 466 481 571 664 837 1058 1063 967 965 811 544 467 490 388 342 440 432 341 320 330 324 348 380 327 224 135 64 19 0 0 44 72 54 42 33 13 6 0 0 0 0 0
0 0 0 0 0 0 0 0 2 3 0 48 130 222 278 297 349 438 556 823 1149 1191 1046 1025 934 701 606 573 415 343 434 446 334 294 349 341 293 311 315 255 176 90 28 7 0 0 0 5 8 10 8 4 0 0 0 0 0
7 6 5 4 2 0 0 0 1 2 0 0 30 40 48 70 109 163 282 574 1017 1218 1060 941 872 769 682 523 367 320 376 406 314 263 296 274 223 219 237 237 195 110 57 50 29 0 0 4 5 5 4 2 0 0 0 0 0
17 14 11 8 5 1 0 0 0 1 0 0 0 0 0 0 0 0 68 301 762 1056 963 784 668 606 512 353 286 297 331 360 326 285 264 237 224 197 166 182 178 117 105 137 94 23 0 3 3 2 2 1 0 0 0 0 0
46 41 35 30 23 12 4 0 0 0 0 0 0 0 0 0 0 0 0 158 536 825 904 817 607 435 324 252 245 303 384 434 452 459 425 365 329 256 163 139 140 122 157 201 133 32 0 3 2 0 0 0 0 0 0 0 0
91 82 73 65 54 36 19 8 3 0 0 0 0 0 0 0 0 0 0 138 484 808 1017 1065 890 607 355 244 236 288 400 530 664 732 664 532 412 290 186 134 123 145 206 212 107 19 0 2 2 0 0 0 0 0 0 0 0
152 140 126 114 98 75 48 20 8 1 0 0 0 0 0 0 0 0 0 93 414 862 1177 1234 1127 891 527 270 214 220 287 520 844 951 811 622 412 257 176 130 121 160 220 175 58 0 0 2 2 0 0 0 0 0 0 0 0
219 204 189 174 156 139 107 61 22 7 0 0 0 0 0 0 8 32 49 93 351 845 1189 1180 1031 885 626 289 167 167 172 400 810 1033 964 719 408 223 141 85 77 121 163 103 21 0 0 2 2 0 0 0 0 0 0 0 0
289 273 257 242 225 218 190 136 67 16 0 0 0 0 0 0 0 61 111 210 517 938 1113 1048 885 697 501 221 96 118 120 239 550 953 1125 836 413 207 111 39 24 61 86 42 4 0 0 2 2 0 0 0 0 0 0 0 0
362 347 333 318 307 316 299 246 164 54 0 0 0 0 0 0 0 29 71 207 550 955 1024 813 612 440 276 111 45 81 114 153 360 834 1088 772 359 185 95 27 23 67 73 26 0 0 0 2 2 0 0 0 0 0 0 0 0
414 402 390 378 370 385 386 370 325 160 24 0 0 0 0 0 0 0 0 74 265 561 652 419 223 161 95 44 59 126 207 295 486 800 865 571 297 175 92 41 74 143 123 38 0 0 0 2 2 0 0 0 0 0 0 0 0
448 439 430 423 418 417 427 492 548 378 114 0 0 0 0 0 0 0 6 50 116 162 171 99 31 21 0 14 64 153 312 538 738 858 772 520 325 210 110 63 139 250 225 108 33 0 0 3 2 0 0 0 0 0 0 0 0
455 455 451 449 447 443 455 603 823 738 333 58 0 0 0 0 0 0 0 64 106 52 0 0 0 0 0 0 28 91 258 511 720 848 805 598 403 250 122 82 180 312 317 207 87 17 0 3 2 0 0 0 0 0 0 0 0
455 456 455 456 456 453 466 613 927 1042 621 129 0 0 0 0 0 0 0 23 34 0 0 0 0 0 0 0 4 34 193 446 609 701 754 702 525 284 128 126 198 271 309 238 91 0 0 3 3 0 0 0 0 0 0 0 0
437 441 443 444 446 441 447 518 739 930 617 130 0 0 0 0 0 0 0 0 0 0 0 0 0 0 0 0 0 15 231 601 724 711 869 967 725 334 167 253 330 343 375 284 87 0 0 3 3 0 0 0 0 0 0 0 0
405 412 415 413 415 405 397 409 464 508 308 59 0 0 0 0 0 0 0 0 0 0 0 0 0 0 0 0 0 5 190 560 793 961 1205 1218 832 359 222 421 602 612 520 309 81 0 0 2 2 0 0 0 0 0 0 0 0
372 380 384 382 386 376 361 346 317 265 161 61 0 0 0 0 0 0 0 0 0 0 0 0 0 0 0 0 10 29 99 303 676 1141 1393 1241 822 392 235 403 650 686 456 177 31 0 0 2 2 0 0 0 0 0 0 0 0
338 346 352 352 357 357 347 318 280 250 206 117 29 0 0 0 0 0 0 0 0 0 0 0 0 0 0 17 81 147 156 244 621 1152 1419 1284 887 456 223 221 347 384 210 40 0 0 0 1 1 0 0 0 0 0 0 0 0
306 314 321 326 332 343 348 317 273 254 225 135 36 0 0 0 0 0 0 0 23 46 22 0 0 0 0 40 202 379 435 527 785 1091 1319 1314 951 510 285 190 126 87 39 0 0 0 0 0 0 0 0 0 0 0 0 0 0
282 290 299 308 315 328 344 334 280 249 236 144 35 0 0 0 0 0 0 0 55 178 206 94 0 0 0 42 328 726 903 988 981 962 1200 1348 1061 644 413 296 146 27 0 0 0 0 0 0 0 0 0 0 0 0 0 0 0
267 276 288 308 315 317 336 356 328 288 239 132 45 18 0 0 0 0 0 0 35 206 334 191 27 0 0 56 419 933 1184 1186 911 856 1347 1587 1286 829 495 313 154 34 0 0 0 0 0 0 0 0 0 0 0 0 0 0 0
262 273 288 308 315 320 339 381 411 380 260 163 176 243 229 94 0 0 0 0 0 73 151 98 0 0 0 57 328 711 987 1004 724 843 1449 1620 1260 797 454 246 91 0 0 0 0 0 0 0 0 0 0 0 0 0 0 0 0
262 273 288 308 326 338 354 395 443 443 373 341 390 511 536 278 50 0 0 0 0 0 0 0 0 0 0 20 116 306 545 619 517 730 1151 1182 884 573 359 195 55 0 0 0 0 0 0 0 0 0 0 0 0 0 0 0 0
269 282 300 326 347 352 361 377 396 427 474 504 460 449 503 375 144 35 0 0 0 0 0 0 0 0 0 22 23 69 162 203 239 473 765 773 594 476 373 207 55 0 0 0 0 0 0 0 0 0 0 0 0 0 0 0 0
281 297 320 351 374 380 373 366 367 393 429 451 377 303 347 351 214 77 22 0 0 10 0 25 46 64 100 128 110 61 47 80 156 395 712 765 629 568 487 280 76 0 0 0 0 0 0 0 0 0 0 0 0 0 0 0 0
281 301 329 368 396 432 411 385 416 428 363 310 269 247 291 332 247 105 28 0 0 30 44 78 135 238 288 297 282 172 154 271 404 628 897 971 872 756 603 361 118 0 0 0 0 0 0 0 0 0 0 0 0 0 0 0 0
272 295 329 368 412 467 436 420 494 509 431 313 224 196 265 362 311 159 44 0 30 90 169 211 300 495 528 479 430 308 347 545 743 895 988 1043 1057 998 775 431 152 24 0 0 0 0 0 0 0 0 0 0 0 0 0 0 0
251 278 319 368 413 467 447 485 548 524 509 435 302 211 239 382 459 310 86 0 23 138 327 418 568 808 806 723 639 570 690 873 992 988 885 805 868 982 821 430 131 16 0 0 0 0 0 0 0 0 0 0 0 0 0 0 0
220 249 295 360 413 459 469 528 552 493 554 610 481 282 230 410 583 393 89 0 0 94 297 485 746 1007 1054 1019 936 929 1071 1220 1250 1051 753 532 501 575 504 278 76 0 0 0 0 0 0 0 0 0 0 0 0 0 0 0 0
179 210 259 329 389 441 496 523 503 493 656 792 666 391 267 461 623 350 49 0 0 23 107 296 590 856 1029 1107 1095 1116 1202 1347 1379 1134 811 572 440 343 235 133 39 0 0 0 0 0 0 0 0 0 0 0 0 0 0 0 0
127 159 209 283 349 412 508 500 420 443 643 767 689 479 294 454 630 338 41 0 0 0 0 89 264 468 683 887 1036 1047 1036 1145 1195 1119 1000 866 754 563 296 106 20 0 0 0 0 0 0 0 0 0 0 0 0 0 0 0 0
84 114 163 233 299 391 505 485 365 317 405 451 445 413 258 310 449 263 68 75 62 31 53 54 62 153 353 665 891 840 785 921 1034 1024 951 910 891 680 318 76 0 0 0 0 0 0 0 0 0 0 0 0 0 0 0 0 0
48 75 118 181 243 335 466 490 376 254 248 257 237 243 159 126 151 86 64 172 191 154 227 178 42 66 267 565 686 582 601 792 877 725 518 475 499 367 142 21 0 0 0 0 0 0 0 0 0 0 0 0 0 0 0 0 0
22 43 78 128 180 246 392 463 363 257 307 352 231 104 48 27 0 0 22 122 245 328 392 282 122 205 369 456 420 366 460 549 481 299 132 88 98 63 0 0 0 0 0 0 0 0 0 0 0 0 0 0 0 0 0 0 0
4 20 47 84 126 167 271 325 246 194 258 277 152 30 0 0 0 0 0 29 168 356 380 224 162 355 466 383 357 427 422 286 200 201 149 84 70 43 0 0 0 0 0 0 0 0 0 0 0 0 0 0 0 0 0 0 0
0 6 25 50 81 101 136 144 103 78 76 66 31 0 0 0 0 51 98 59 62 242 332 209 213 370 412 373 473 582 459 330 398 465 373 253 192 98 0 0 0 0 0 0 0 0 0 0 0 0 0 0 0 0 0 0 0
0 3 13 27 47 57 62 54 36 18 0 0 0 0 0 0 8 84 200 208 113 204 359 321 407 513 446 444 510 529 515 586 643 559 408 277 180 75 0 0 0 0 0 0 0 0 0 0 0 0 0 0 0 0 0 0 0
0 0 5 11 22 28 33 29 19 10 0 0 0 0 0 0 0 63 161 251 235 241 318 373 567 724 712 726 713 713 774 736 583 408 279 233 215 157 81 24 0 0 0 0 0 0 0 0 0 0 0 0 0 0 0 0 0
1 0 1 3 7 10 13 12 8 4 0 0 0 0 0 0 0 18 45 100 166 192 205 350 578 773 963 1084 1113 1132 1135 1036 833 551 334 332 383 325 199 87 27 0 0 0 0 0 0 0 0 0 0 0 0 0 0 0 0
0 0 0 1 3 4 5 5 3 2 0 0 0 0 0 0 0 0 0 0 35 65 97 295 565 792 1046 1280 1429 1444 1431 1420 1213 859 639 612 619 559 414 250 141 56 0 0 0 0 0 0 0 0 0 0 0 0 0 0 0
0 0 0 0 0 0 0 0 0 0 0 0 0 0 0 0 0 0 0 0 19 54 104 219 457 726 1002 1301 1502 1572 1581 1452 1152 993 1098 1194 1216 1156 922 641 419 203 43 0 0 0 0 0 0 0 0 0 0 0 0 0 0
0 0 0 0 0 0 0 0 0 0 0 0 0 0 0 0 0 0 0 17 73 208 288 208 255 570 1004 1313 1415 1496 1567 1428 1194 1294 1618 1795 1819 1648 1286 921 621 338 111 0 0 0 0 0 0 0 0 0 0 0 0 0 0
0 0 0 0 0 0 0 0 0 0 0 0 0 0 0 0 0 0 0 0 125 340 450 379 331 515 949 1362 1519 1574 1681 1662 1620 1839 2040 2054 1944 1631 1222 866 596 374 181 48 0 0 0 0 0 0 1 0 0 0 0 0 0
0 0 0 0 0 0 0 0 0 0 0 0 0 0 0 0 0 0 0 0 113 303 433 542 633 649 783 1169 1483 1659 1794 1749 1725 1943 2192 2181 1924 1569 1191 875 624 411 255 113 22 0 0 1 0 0 1 0 0 0 0 0 0
0 0 0 0 0 0 0 0 0 0 0 0 0 0 0 0 0 5 0 3 45 145 252 419 714 881 831 892 1121 1465 1735 1735 1639 1669 1896 1979 1798 1585 1312 1001 713 465 317 203 86 18 0 1 0 0 1 0 0 0 0 0 0
0 0 0 0 0 0 0 0 0 0 0 0 0 0 0 0 0 0 0 0 0 34 70 205 576 953 1070 1001 1003 1199 1465 1726 1858 1692 1454 1366 1369 1369 1253 981 672 456 360 288 146 29 0 2 1 0 0 0 0 0 0 0 0
0 0 0 0 0 0 0 0 0 0 0 0 0 0 0 0 0 0 0 0 0 51 58 109 377 814 1187 1282 1186 1106 1106 1303 1594 1598 1297 1058 1042 1041 939 767 548 379 321 268 127 20 0 2 1 0 0 0 0 0 0 0 0
0 0 0 0 0 0 0 0 0 0 0 0 0 0 0 0 0 0 0 0 30 99 101 70 245 624 1037 1407 1538 1351 1055 862 870 990 993 853 795 732 561 451 368 236 157 117 47 0 0 1 1 0 0 0 0 0 0 0 0
0 0 0 0 0 0 0 0 0 0 0 0 0 0 0 0 0 0 0 0 20 59 117 193 280 400 654 1206 1681 1601 1214 798 470 394 420 366 345 321 207 141 127 71 26 0 0 0 0 0 0 0 0 0 0 0 0 0 0
0 0 0 0 0 0 0 0 0 0 0 0 0 0 0 0 33 18 0 0 0 19 208 426 323 243 495 949 1389 1492 1254 887 539 300 158 71 43 44 20 0 0 0 0 0 0 0 0 0 0 0 0 0 0 0 0 0 0
0 0 0 0 0 0 0 0 0 0 0 0 0 0 0 0 19 35 42 18 0 63 275 445 272 245 633 965 1145 1271 1187 1050 987 689 288 68 0 0 0 0 0 0 0 0 0 0 0 0 0 0 0 0 0 0 0 0 0
0 0 0 0 0 0 0 0 0 0 0 0 0 0 0 0 0 50 86 39 33 127 257 352 270 205 505 892 1104 1254 1299 1354 1364 989 470 159 31 0 0 0 0 0 0 0 0 0 0 0 0 0 0 0 0 0 0 0 0
0 0 0 0 0 0 0 0 0 0 0 0 0 0 0 0 0 30 57 27 31 113 182 268 272 122 212 592 949 1135 1239 1370 1229 820 508 360 268 171 78 0 0 0 0 0 0 0 0 0 0 0 0 0 0 0 0 0 0
0 0 0 0 0 0 0 0 0 0 0 0 0 0 0 0 0 0 21 26 18 36 63 119 147 63 77 280 510 658 820 989 881 642 594 649 641 550 356 151 54 0 0 0 0 0 0 0 0 0 0 0 0 0 0 0 0
0 0 0 0 0 0 0 0 0 0 0 0 0 0 0 0 0 0 25 41 29 17 0 18 28 0 24 76 117 222 508 827 891 770 796 849 783 749 606 361 180 52 0 0 0 0 0 0 0 0 0 0 0 0 0 0 0
0 0 0 0 0 0 0 0 0 0 0 0 0 0 0 0 0 0 20 25 35 75 93 73 39 0 0 0 0 63 321 755 1015 940 858 809 707 674 589 405 226 72 0 0 0 0 0 0 0 0 0 0 0 0 0 0 0
0 0 0 0 0 0 0 0 0 0 0 0 0 0 0 0 0 2 4 7 27 132 253 228 109 32 15 18 27 57 178 442 775 905 759 606 538 481 397 268 146 59 9 5 2 1 0 0 0 0 0 0 0 0 0 0 0
0 0 0 0 0 0 0 0 0 0 0 0 0 0 0 0 0 3 8 14 22 135 292 267 138 63 24 24 31 48 96 198 461 683 579 395 318 264 200 131 75 39 22 10 5 2 0 0 0 0 0 0 0 0 0 0 0
0 0 0 0 0 0 0 0 0 0 0 0 0 0 0 0 0 4 9 18 29 96 181 174 137 114 68 30 21 36 65 109 249 381 326 223 171 137 102 64 61 59 42 23 8 3 0 0 0 0 0 0 0 0 0 0 0
0 0 0 0 0 0 0 0 0 0 0 0 0 0 0 0 0 4 9 17 29 59 81 87 98 104 78 32 8 18 42 67 121 172 160 131 113 95 74 53 53 65 57 34 12 4 0 0 0 0 0 0 0 0 0 0 0
0 0 0 0 0 0 0 0 0 0 0 0 0 0 0 0 0 2 4 8 20 39 49 49 53 54 43 18 4 9 28 46 64 86 89 87 73 58 43 26 21 27 40 35 20 5 0 0 0 0 0 0 0 0 0 0 0
0 0 0 0 0 0 0 0 0 0 0 0 0 0 0 0 0 0 0 0 10 29 40 40 40 37 26 7 0 0 12 21 31 40 42 39 30 21 12 2 0 4 18 21 19 6 0 0 0 0 0 0 0 0 0 0 0
0 0 0 0 0 0 0 0 0 0 0 0 0 0 0 0 0 0 0 0 2 15 22 22 24 24 17 4 0 0 1 4 5 6 5 3 0 0 0 0 0 0 10 15 14 4 0 0 0 0 0 0 0 0 0 0 0
0 0 0 0 0 0 0 0 0 0 0 0 0 0 0 0 0 0 0 0 1 6 9 9 9 9 6 1 0 0 0 1 2 3 3 3 1 1 0 0 0 0 4 5 5 2 0 0 0 0 0 0 0 0 0 0 0
0 0 0 0 0 0 0 0 0 0 0 0 0 0 0 0 0 0 0 0 0 0 0 0 0 0 0 0 0 0 0 0 0 0 0 0 0 0 0 0 0 0 0 0 0 0 0 0 0 0 0 0 0 0 0 0 0
0 0 0 0 0 0 0 0 0 0 0 0 0 0 0 0 0 0 0 0 0 0 0 0 0 0 0 0 0 0 1 1 1 1 1 1 2 2 2 2 0 1 0 0 0 0 0 0 0 0 1 2 4 5 6 6 5
